%YAML:1.0
dist: !!opencv-matrix
   rows: 5
   cols: 1
   dt: d
   data: [ 0.201180761623, -0.378616247536, 0.0194189133675, 0.0191554881722, 0.460272187484 ]
