%YAML:1.0
K: !!opencv-matrix
   rows: 3
   cols: 3
   dt: d
   data: [ 1861.72679449, 0.0, 1043.21131011, 0.0, 1870.67296963, 644.654862228, 0.0, 0.0, 1.0 ]
