%YAML:1.0
dist: !!opencv-matrix
   rows: 5
   cols: 1
   dt: d
   data: [ 0.231391014881, -0.37092594078, 0.0207196766153, 0.0203556409191, 0.300448104293 ]
