%YAML:1.0
K: !!opencv-matrix
   rows: 3
   cols: 3
   dt: d
   data: [ 1446.7137018, 0.0, 788.688378214, 0.0, 1455.30787024, 485.29516917, 0.0, 0.0, 1.0 ]
